19.7931 0.150089 2.70352e+14 3.07035e+33
19.1461 0.154299 2.7576e+14 3.24708e+33
18.5571 0.158686 2.81167e+14 3.43083e+33
18.0151 0.163277 2.86574e+14 3.62264e+33
17.5041 0.168212 2.91981e+14 3.8286e+33
17.0391 0.173316 2.97388e+14 4.04142e+33
16.6061 0.178726 3.02795e+14 4.26682e+33
16.2041 0.184434 3.08202e+14 4.50477e+33
15.8391 0.19032 3.13609e+14 4.75023e+33
15.4931 0.196635 3.19016e+14 5.01395e+33
15.1771 0.203177 3.24423e+14 5.28767e+33
14.8871 0.209971 3.2983e+14 5.57249e+33
14.6151 0.217207 3.35237e+14 5.87678e+33
14.3671 0.224635 3.40644e+14 6.19021e+33
14.1371 0.232452 3.46051e+14 6.52118e+33
13.9241 0.240617 3.51458e+14 6.86854e+33
13.7321 0.248975 3.56865e+14 7.2257e+33
13.5501 0.257883 3.62272e+14 7.60839e+33
13.3851 0.267012 3.67679e+14 8.0029e+33
13.2331 0.276458 3.73086e+14 8.41357e+33
13.0931 0.286381 3.78494e+14 8.84788e+33
12.9661 0.296492 3.83901e+14 9.29359e+33
12.8481 0.3071 3.89308e+14 9.76465e+33
12.7411 0.318022 3.94715e+14 1.02536e+34
12.6441 0.329174 4.00122e+14 1.0757e+34
12.5541 0.340913 4.05529e+14 1.12915e+34
12.4731 0.352822 4.10936e+14 1.18389e+34
12.3991 0.365155 4.16343e+14 1.24111e+34
12.3331 0.377874 4.2175e+14 1.30073e+34
12.2731 0.390741 4.27157e+14 1.36165e+34
12.2181 0.404243 4.32564e+14 1.42628e+34
12.1701 0.417891 4.37971e+14 1.49235e+34
12.1271 0.431886 4.43378e+14 1.56088e+34
12.0881 0.446293 4.48785e+14 1.63228e+34
12.0551 0.460801 4.54192e+14 1.70506e+34
12.0251 0.475878 4.59599e+14 1.78166e+34
11.9991 0.491087 4.65006e+14 1.85996e+34
11.9761 0.506569 4.70413e+14 1.94073e+34
11.9571 0.522429 4.7582e+14 2.02463e+34
11.9411 0.538328 4.81227e+14 2.10993e+34
11.9271 0.554726 4.86634e+14 2.19919e+34
11.9171 0.571191 4.92042e+14 2.29016e+34
11.9081 0.587869 4.97449e+14 2.3837e+34
11.9021 0.604831 5.02856e+14 2.48034e+34
11.8971 0.62176 5.08263e+14 2.57832e+34
11.8941 0.639117 5.1367e+14 2.68041e+34
11.8931 0.656428 5.19077e+14 2.78393e+34
11.8931 0.673908 5.24484e+14 2.89022e+34
11.8951 0.691521 5.29891e+14 2.99917e+34
11.8981 0.709065 5.35298e+14 3.10959e+34
