21.8811 0.12409 2.70352e+14 2.66795e+33
21.1751 0.12674 2.7576e+14 2.78547e+33
20.5361 0.129416 2.81167e+14 2.90617e+33
19.9611 0.132085 2.86574e+14 3.02864e+33
19.4321 0.134789 2.91981e+14 3.15479e+33
18.9511 0.137495 2.97388e+14 3.28328e+33
18.5121 0.140196 3.02795e+14 3.41366e+33
18.1051 0.142931 3.08202e+14 3.548e+33
17.7311 0.145652 3.13609e+14 3.68398e+33
17.3861 0.148377 3.19016e+14 3.82247e+33
17.0651 0.151113 3.24423e+14 3.96392e+33
16.7691 0.153831 3.2983e+14 4.10689e+33
16.4921 0.156558 3.35237e+14 4.25281e+33
16.2341 0.159275 3.40644e+14 4.40075e+33
15.9951 0.161972 3.46051e+14 4.5501e+33
15.7691 0.164678 3.51458e+14 4.70259e+33
15.5591 0.167357 3.56865e+14 4.85625e+33
15.3621 0.170021 3.62272e+14 5.01168e+33
15.1761 0.172674 3.67679e+14 5.1692e+33
15.0031 0.175298 3.73086e+14 5.32772e+33
14.8391 0.177906 3.78494e+14 5.48813e+33
14.6841 0.180487 3.83901e+14 5.64972e+33
14.5391 0.183036 3.89308e+14 5.81213e+33
14.4011 0.185565 3.94715e+14 5.97619e+33
14.2721 0.188057 4.00122e+14 6.1408e+33
14.1491 0.190517 4.05529e+14 6.30623e+33
14.0331 0.192943 4.10936e+14 6.47243e+33
13.9231 0.19533 4.16343e+14 6.63895e+33
13.8191 0.197681 4.2175e+14 6.80598e+33
13.7211 0.19999 4.27157e+14 6.97315e+33
13.6271 0.202258 4.32564e+14 7.14043e+33
13.5381 0.204482 4.37971e+14 7.30758e+33
13.4541 0.206661 4.43378e+14 7.47454e+33
13.3741 0.208795 4.48785e+14 7.64116e+33
13.2981 0.21088 4.54192e+14 7.80712e+33
13.2251 0.21292 4.59599e+14 7.97269e+33
13.1571 0.214906 4.65006e+14 8.13714e+33
13.0911 0.216844 4.70413e+14 8.30072e+33
13.0291 0.218733 4.7582e+14 8.46348e+33
12.9691 0.220564 4.81227e+14 8.62441e+33
12.9131 0.222348 4.86634e+14 8.78444e+33
12.8591 0.224076 4.92042e+14 8.94272e+33
12.8081 0.225749 4.97449e+14 9.09915e+33
12.7591 0.227376 5.02856e+14 9.25448e+33
12.7131 0.228938 5.08263e+14 9.40678e+33
12.6681 0.230451 5.1367e+14 9.55756e+33
12.6261 0.231912 5.19077e+14 9.70632e+33
12.5861 0.233311 5.24484e+14 9.85191e+33
12.5481 0.234664 5.29891e+14 9.99594e+33
12.5121 0.235956 5.35298e+14 1.01365e+34
